Run semi-empirical minimization
 &qmmm
    qm_theory='AM1', grms_tol=0.0005,
 scfconv=1.d-10, ndiis_attempts=700,   qmcharge=-1,
 /
   6     C        5.7960     -110.9370      -25.1400 
   6    C1        7.0030     -111.2570      -25.8310 
   6    C2        8.2040     -111.1970      -25.0940 
   1    H2        9.1350     -111.4250      -25.5940 
   6    C3        8.1990     -110.8270      -23.7340 
   1    H3        9.1330     -110.7610      -23.1970 
   6    C4        6.9890     -110.5350      -23.0760 
   1    H4        6.9890     -110.2520      -22.0340 
   6    C5        5.7760     -110.5970      -23.7800 
   1    H5        4.8390     -110.3680      -23.2920 
   6    C7        6.6450     -111.5770      -27.2060 
   6    C8        5.3120     -111.4150      -27.3210 
   1    H8        4.7290     -111.5880      -28.2110 
   6   C17        7.5890     -111.9860      -28.3280 
   1  H171        8.3580     -111.2340      -28.4250 
   1  H172        7.0270     -112.1280      -29.2370 
   6   C18        8.2510     -113.3060      -27.9950 
   7     N        4.8030     -111.0380      -26.0950 
   1     H        3.8160     -110.8670      -25.9270 
   8    O2        9.4880     -113.4240      -28.1350 
   8    O3        7.5650     -114.3090      -27.6840 

